nan
194.5976374410853
139.6346408722504
145.34975087885954
143.38454094225045
140.674389921889
139.43639229755013
137.74303024642322
135.50728772611035
134.1549780320148
133.440095920952
131.18229192616988
130.41981331182987
130.2015932433459
128.22386936265596
127.97555814470563
128.0816867594816
126.76177414096132
125.91453116280692
125.088249128692
124.79887650937451
124.27453605496153
123.68674064169124
123.91005737927495
123.05820784276845
122.98124554692482
122.59133646439533
122.71278980800084
122.50282342093331
122.20542207056162
122.22769133898677
121.99698148454938
122.10226806329221
122.14479493121712
122.43718213451152
122.13365079918687
121.99851748408103
121.83389118739537
121.70727904962034
122.06660227872888
121.76166005037268
121.792863184092
121.62064844248246
121.6554115451112
121.93402917044503
122.15764664630501
121.75599966243821
122.43672873049366
122.46308455175283
122.20769742070412
121.8514705580108
121.72689282164282
121.87286392523318
121.8206675003986
121.7278749115613
121.67401364384865
121.59428405761719
121.55499197512256
121.5133003701969
121.60138967085858
121.80319696543168
121.537032380396
121.9494322951959
121.77422106995874
122.04257474626813
121.95892513041593
121.9109379515356
121.8063082792321
121.70564417936365
121.5162379984953
121.49892713585679
121.60600483174227
121.61440432801538
121.69849979634188
121.55480139596122
121.69652713074976
121.59985016803353
121.49299247897402
121.55995263858718
121.50741662784499
121.37749847100706
121.60549023686623
121.49090381544464
121.57510547248684
121.43225245573083
121.70974318835201
121.69860154755261
121.56912301511181
121.43240683419364
121.43122630216638
121.40763598072286
121.18769626228176
121.29196774229712
121.32770141290159
121.26024580974968
121.71047132842395
121.60952151551538
121.34451052607322
121.45342122292033
121.42404649695571
121.2819016904247
121.36197109611668
121.50534353450853
121.26052062365474
121.30271639142718
121.21477259421835
121.2614378637197
121.29316532368563
121.33769856667033
121.31810744927854
121.36061018340442
121.14699679004903
121.30319190511898
121.18842899556063
121.33676855904716
121.3711192851164
121.39822979362644
121.2944901135503
121.38957774882414
121.21050822978117
121.20173543813277
121.26818450616331
121.22019117705676
121.39979833486129
121.21526507942043
121.19435041777942
121.12479883310746
121.14919000742387
121.13343702043805
121.21490766564195
121.145754132952
121.25497319746991
121.19624741223393
121.11827990473533
121.18550257780115
121.1752650202537
121.42225296643315
121.27012743268695
121.23108112568758
121.12267178905253
121.09538245687679
121.07252058690908
121.07910911404356
121.06171144757953
120.96962263146226
121.20218105705418
121.35736045058893
121.26417097753408
121.13762680365114
121.20214119736029
121.12315687841298
121.13646300958128
121.11437163061025
121.15228263699278
121.12380997015505
121.07542310442243
121.06915828159877
121.03439883796536
121.17259807975925
121.12910897391183
121.13512934470663
121.15860647084762
121.06280782271405
121.16651620670241
121.07544101014429
121.15528457018794
121.14251016110791
121.04181336383431
121.05665354826013
121.0461223368742
121.05730407092037
120.99561652358697
120.99398103052256
121.16422271728516
121.09696937093929
121.17905114621533
121.04132741811324
121.06902616851184
121.01355369723574
121.06940880600287
120.98915683979891
121.05541836485571
121.03253329530054
121.02299118041992
121.01887224158462
120.98928669520787
120.98940596288564
121.10887597531689
121.1169950524155
120.99459558603715
121.11958406409438
121.0214705175283
121.00568849213269
121.05679780609753
121.0559297678422
120.97955485752651
121.00955036708287
121.01561153178312
120.98682349068778
120.96657601181342
121.00900665594607
121.07149583466199
121.00465097232741
121.00906130732322
121.01561441226882
121.0169706539232
120.96504748597437
120.96948538021165
120.95837129865374
121.04437030091577
120.99012958760164
120.98520387922015
120.98976166394291
121.01671927315849
121.02414890211456
121.01561441226882
121.01000291474011
120.99335269538723
120.94062680614238
120.97880920098753
120.94036335847815
120.98952811104911
121.0285145506567
120.97360042649872
120.95160799610372
120.99444759135343
120.94585216288664
120.97878203100088
120.95308817649374
120.92671966552734
120.98362669652822
120.97044263567243
121.01247180238062
120.98284483929069
121.02222917517837
120.94889418932857
120.93227565531828
120.98008899299465
121.00177087589186
120.93372889927456
120.97761971609933
120.96806592357402
120.92883923588967
120.95929943785376
120.95887919834682
120.93091287418288
120.92596256489657
120.93700486786511
120.94921322258152
121.0224825022172
120.97862080165318
120.98247131036253
120.93203898838588
120.910349787498
120.91362840302136
120.90815236617108
120.91578635390924
120.92511445648816
120.92488526324837
120.95500276526626
120.93025378791653
120.96095696274115
121.01017566603058
120.9552670692911
120.9153522569306
120.92109143004126
120.92157558519013
120.91233514279736
120.9191252260792
120.93040061483578
120.9008533711336
120.95264255757235
120.87448384810467
120.96517165826292
120.9525287394621
120.93226654675541
120.91979396586515
120.91070221881478
120.90296188665896
120.94746694759446
120.91055492478974
120.91654913766044
120.95877581226583
120.95239506935587
120.95236945638851
120.91548141168089
120.90682547433036
120.8959912669902
120.89733653165857
120.9162989246602
120.91517218764947
120.91501453944615
120.90423498348314
120.91196394939811
120.8863573658223
120.86971695569096
120.90645140044543
120.93505555756238
120.92212762638015
120.91640939517897
120.8916378410495
120.87501541449099
120.88796148494798
120.86909648350307
120.88261382433834
120.8843087955397
120.82459983047174
120.90424058875259
120.91685797243701
120.88421942263233
120.86220994287608
120.83848081316266
120.82818478954081
120.8192141007404
120.77694616512376
120.8721694946289
120.83001249663684
120.83124596732003
120.79975026967574
120.8100724512217
120.8094704297124
120.7967894417899
120.7947193067901
120.78084408507056
120.78816923803213
120.78930936540876
120.77387128557477
120.75675606241032
120.75170298985073
120.76614699071767
120.7617528487225
120.7387165147431
120.74926096079301
120.7404624783263
120.7165767124721
120.73764333919603
120.73080849160954
120.71429295442542
120.70024537067025
120.74945224061304
120.70778484733738
120.70927678322306
120.69273687868701
120.68794600817623
120.6872041663345
120.6670777457101
120.67330613428233
120.69552464387854
120.70058581293846
120.66868614663883
120.66228648594448
120.6544114716199
120.65223141105808
120.63855151740871
120.64552081361109
120.65296243161572
120.6331294312769
120.64796175275531
120.61266435895648
120.63442915313098
120.61732140365912
120.60688135575275
120.60763682151327
120.60563488395847
120.59186764152683
120.61372959370516
120.59436875946668
120.58839198521206
120.57622014259806
120.58128808469189
120.57219579268475
120.56361474796218
120.56053270612445
120.55269926421497
120.55441214113819
120.54636678890306
120.54227579856405
120.54451681643116
120.54996474908323
120.5443957581812
120.52875620005082
120.5207154410226
120.52058387289242
120.51274716124243
120.52171691583128
120.50092790564712
120.50666848007513
120.49598281237544
120.49314218637895
120.48257500784737
120.49094336373466
120.47896731629663
120.47984010346082
120.47039397881956
120.46701166581134
120.4652354960539
120.47066357670998
120.456892675283
120.447762703409
120.44271780520069
120.44181597962671
120.44274808922593
120.43577591253786
120.42316374486806
120.43302022194376
120.41648732399455
120.41799412941447
120.40635860209562
120.41884426194794
120.41085729793626
120.4015193861358
120.40102293053452
120.39385285669444
120.39161993532764
120.38471097362284
120.37606834878727
120.37427808800523
120.3631732707121
120.37011158223055
120.36133435307717
120.35705838884626
120.3533245008819
120.34777154727858
120.3444687979562
120.33997858787069
120.3342876823581
120.33185624103157
120.32662520116689
120.32480045240753
120.32181229883311
120.31929568855129
120.31218797333386
120.30767939042072
120.30231981861348
120.29745491183535
120.29537255423409
120.29037483371035
120.28641984900649
120.28204820594009
120.27776507942043
120.27277685671436
120.27081127556004
120.26596497516243
120.26177270071847
120.25765212701292
120.25341719024036
120.24898388920998
120.2462738971321
120.24126714589644
120.23701072225765
120.2337758589764
120.22953033447266
120.22503327350228
120.22170444410675
120.21710251788704
120.21290619519291
120.20905444086814
120.2051695998834
120.20028639812858
120.19772035248425
120.1872079031808
120.19701759182676
120.18623453257035
120.18472305609255
120.17880108891701
120.17470239133252
120.17011183135364
120.16574213456134
120.16160863759566
120.1575989236637
120.15379590404277
120.14953924685108
120.14524849093691
120.14106470224809
120.13723054224131
120.13298852103097
120.1287612915039
120.12496263153699
120.12077954350686
120.11679606534997
120.11279631634147
120.10867122727997
120.104674748012
120.10063692988182
120.09662628173828
120.09263299435986
120.08859945803272
120.08464431762695
120.08055807619678
120.07657148400132
120.07259610234475
120.06852052649673
120.06456686525928
120.06048171374263
120.05651271586515
120.05243589440171
120.04846440529337
120.04448917933873
120.0404055069904
120.03645293566646
120.03234131482182
